la=0.3615
bb=0.2556
C0=0.30525
wavelength=0.15406
